11111111111111111111111111111111111111111111111111111111111111111111111
1                             1                                       1
1                             1        P                              1
1       S                 C   1          E      M                     1
1M M           C         111  1       111111                          1
1         111       M            E    111111         M                1
1                               111   111111                          1
1             E          C   11   L   111111                     M    1
1       11111111111111111111111       111111                          1
11111111111111111111111111111111111111111111111111111            111111
1                       M    11                                       1
1                                                            E        1
1                                        C             1111111        1
1                            11       1111111          1111111     C  1
1                     111    11                                   11111
1                     1      111111            11111                  1
1                   E 1  C   11                              11111  P 1
1       11111111111111111111111       111111     M                    1
1              L             11                                    1111
11111111111111111111111111111111111111111111111111111111111111111111111